file_id,prob0,prob1,prob2,prob3,prob4,prob5,prob6,prob7
1,2.3831565423399724e-05,1.3463881292063414e-06,1.8405763244205435e-06,7.72930690447544e-07,4.159362454420507e-07,0.9999614814122962,9.474621107071433e-07,9.363728780293793e-06
2,5.289406217008783e-06,1.0778434660462135e-06,0.999951489918617,2.1280293695842083e-07,3.6560694020270173e-07,8.894829710939699e-07,2.275543485174622e-06,3.839939536655134e-05
3,0.9993158513526798,1.816962031917529e-05,4.0898371282468034e-05,3.983908682420694e-05,1.158714272866611e-05,0.0001694154048182082,1.1800796728518523e-05,0.00039243822461902824
4,0.9992980194876055,4.5681128199886445e-06,0.000567446205353903,2.1080116277564567e-06,2.2538569621411293e-06,3.3477502949471927e-06,1.8832716108035536e-05,0.00010342385922745645
5,0.9997331418986068,1.7388059595039048e-05,5.718834105531716e-05,5.6233435323111355e-06,3.3029867964572004e-06,5.503349580150554e-05,6.8885957972368875e-06,0.0001214332788152126
6,0.9991545569277279,2.070809477987332e-05,1.1015459911565675e-05,1.3911135768026275e-06,2.2496236034286383e-06,0.0007832934629438555,7.029927066526494e-06,1.975539039013651e-05
7,0.9673834583373758,0.004356689002001289,0.015479298150065688,0.0002172277482654548,8.338085144290655e-05,0.00024124276749715453,0.0033320904008049767,0.00890661274254664
8,0.9998535260923317,4.967207805154625e-06,5.801084946767636e-05,3.2089783865798807e-06,1.6863311193760845e-06,1.8999492861266172e-05,5.477763610941851e-06,5.41232844171654e-05
9,0.9994909201072752,7.137012423940663e-06,5.39634447491085e-05,1.6860468994080762e-05,4.6066579058737166e-06,0.00012233144059984135,2.888346898153892e-05,0.00027529739906993793
10,0.9907438886593996,0.00016721313361415453,0.003414830970751835,0.0006541988447371011,8.923286752138947e-05,0.00013284511059892233,0.0021943846041311125,0.002603405809245946
11,0.07095038236401226,0.0026080947278390586,0.1234651651659816,0.4315600731672997,0.012889323979309728,0.17530837215815384,0.0036623077718812035,0.17955628066552262
12,2.1758616013376055e-05,0.9984998300717431,1.1160018080093436e-05,7.606365584012221e-05,2.7740020650716753e-06,2.603700148027409e-05,8.363022772405807e-06,0.0013540136120054587
13,5.829818559851272e-05,1.0796275616127982e-05,7.42531638341707e-06,2.9577716845470034e-06,2.6681741489078643e-06,0.9998601864122998,1.094605976848995e-05,4.672180450026583e-05
14,0.997912969228456,2.855941522149486e-05,0.00013951807382783825,1.4000426359456922e-05,8.832881439542657e-06,0.0010052132876375269,3.834140864657966e-05,0.0008525652784119089
15,1.967349412513404e-05,2.3209730439233923e-05,3.717357277004237e-05,0.0009719962336199702,0.00023848807810534912,0.0005424741421556824,6.910964715331152e-05,0.9980978751016313
16,5.7730979111547745e-06,1.6487430820107107e-06,1.949018705594877e-05,3.521792987072146e-06,1.4494800501295479e-06,0.9999414167408892,9.828898138459402e-06,1.6871059886052028e-05
17,0.9957802977246392,7.242174532416521e-05,0.0015594769491438611,1.0738476187076903e-05,1.3062384117262203e-05,0.0018140316139334865,0.00037636364320544057,0.00037360746344952125
18,3.608177056360236e-05,7.240627296796638e-06,0.9995154961142743,7.439353239048694e-05,4.012653188067306e-06,1.4662113054470524e-05,2.1408834062025323e-05,0.0003267043551703266
19,0.9999765623283238,4.622181150657804e-07,5.985600117524412e-06,1.121910629973677e-06,4.2234402082801026e-07,6.097067291772293e-06,1.694781483288413e-06,7.65375001756885e-06
20,0.054244754445880894,0.0001128690231940242,0.00017612017533906593,0.00021393885752166798,0.00014755755041678928,5.8670218078572574e-05,0.0002645081136090774,0.9447815816159599
21,0.0009854021679086883,1.820482448063256e-05,7.215627076625183e-05,2.1576844596088124e-05,6.3520347679946e-06,0.9982166892716325,2.2256610578284294e-05,0.0006573619752694615
22,0.9959749377139093,0.0001427337642588662,0.0012102024647130459,0.00015527176760484688,6.166910998483639e-05,4.239017489030606e-05,0.0003894142482086287,0.0020233807564298944
23,0.9988074469985473,4.515005752003491e-05,7.151695228356087e-05,0.00010858321307559969,3.5691493190680096e-05,0.0001878721350853647,8.190130102921432e-05,0.0006618378492680577
24,0.9998514580858358,2.070304503343145e-06,1.1865429556436923e-05,1.6051055946252914e-06,9.56869937027743e-07,1.540315405045335e-05,9.159391773709366e-07,0.00011572511134502697
25,0.0016345502372969766,0.001092841696928698,0.0015861642706127125,0.4851844406599127,0.08647361455157374,0.02587664931744682,0.005940875623035871,0.3922108636431925
26,0.0044078020537277225,0.0004579261690325792,0.0002925003689713199,0.005052798493711858,0.0005583451575053397,0.001051564114177308,0.00036341859750381244,0.98781564504537
27,4.382846621281011e-06,4.7421994066725686e-06,4.466804924164708e-06,0.0007528665082380293,0.0003792988199217203,0.9981887726210245,7.938219611464262e-06,0.0006575319802521785
28,0.9941350192033839,0.00012294661814768075,0.0027346508179796913,2.6455748433365992e-05,3.728054004010278e-05,0.0007423220750388538,0.0005206466043741983,0.0016806783926026521
29,0.00025017741283119965,0.00017308108839145906,0.0002575962519725211,0.9428033038134787,0.0007369720965027482,0.043955875375462576,0.0003047887213461599,0.011518205240014559
30,0.9925502820005498,3.955540191990728e-05,0.005820367555918864,0.0001277749260131491,1.0818134413127003e-05,5.9567853327460024e-05,0.00015491594040384617,0.0012367181874538649
31,0.980979384398231,0.0005316628540256885,0.0007211109015233603,0.00011255175162162952,5.5487709908658476e-05,0.006596193913447999,0.0005958000800473034,0.010407808391194309
32,3.473644921166492e-06,1.584980392763404e-06,0.9999417201803018,3.1690264247256046e-06,8.412774266671455e-07,2.7959358496362515e-06,2.1744657914637592e-06,4.424048889200223e-05
33,0.9998944347491612,5.123912988878256e-06,2.9394551637481425e-05,6.810363975093444e-06,1.5605721804743503e-06,1.6114540535828308e-05,2.2102441095300523e-06,4.435106541150898e-05
34,3.1453781447165665e-06,0.9975383021240362,6.292935407564555e-06,0.0001936983911166127,2.601031778579986e-06,3.7274868532072338e-06,1.2617196814502656e-05,0.0022396154558488534
35,3.884181174129204e-05,4.5054877382686536e-05,0.0013776366343657314,0.9603404182007723,0.0003374462466741002,0.01579418717168249,0.0017999942544825844,0.020266420802898914
36,0.0038960269334308018,3.7645298098208827e-05,0.00018503717602229658,4.192533523267024e-05,4.630040245975382e-05,0.9953999075347779,0.00028844548978508144,0.0001047118301932133
37,0.03841537288776205,0.00028027647388473276,4.3475104219293046e-05,0.0005500636509727868,8.980598937374053e-05,0.9558479973512681,0.0004840364877565031,0.004288972054762746
38,6.9959221853026564e-06,2.846868051891507e-06,1.6307553744528223e-05,8.89004200645783e-05,6.098891936233848e-05,0.9997249567285281,4.274072064517463e-06,9.4729515998588e-05
39,0.9996219892047321,3.818674113974478e-06,5.278983119691692e-05,4.5944600765846605e-06,1.1101423115541789e-05,0.0002601872040232759,6.890144064182297e-06,3.8629058677494333e-05
40,0.9862705341568128,7.017179521231188e-05,0.00028622985130489576,0.0006499462699997409,0.00012102317442627514,0.0003448543846404503,0.0006237525620704037,0.011633487805533155
41,0.9901059197870019,0.0002692309627029454,0.0042297507741074,0.0003406639952181945,0.00010641384717909105,0.0027617792795917384,0.0009461344904816479,0.0012401068637170394
42,0.9999640450798402,2.2656504458755596e-06,6.997110393203635e-06,9.43960239457587e-07,1.4963325433695666e-06,7.376242033369599e-06,2.07038559257012e-06,1.4805238912286084e-05
43,0.9978615465253388,2.0135708875363753e-05,7.338142755420432e-05,6.123713508750017e-05,1.2772688876885307e-05,0.0005363774951449132,0.00010918747908137145,0.0013253615400408306
44,0.9472288323007363,0.00019983343121807254,0.003600593355815855,0.002240362591999931,0.00011104843774149148,0.0011452898780569037,0.0008196425600698237,0.044654397444361546
45,5.9340827357924004e-05,3.0029461273580937e-05,3.130630595108641e-05,0.9889665010102638,0.00010021762515089377,0.00012313076555007228,8.004673211468401e-05,0.01060942727233817
46,0.0009851552804200567,3.760249670648549e-05,8.750478953769195e-05,1.8552217946576708e-05,1.9080190067990535e-05,6.30676519713115e-05,0.9986063320379759,0.00018270533537403905
47,0.000373949943606502,8.790855317101783e-05,0.0003447484974889013,0.9150973538920101,0.0011387491290533044,0.0004888673219702379,0.00023223018428604358,0.08223619247841402
48,4.669767764251116e-05,0.9979462680078657,2.3263139968244986e-05,4.128680494882301e-05,6.985434438058645e-06,0.0003174748987035987,1.0941657518024928e-05,0.00160708237891495
49,6.099887187322215e-06,4.441463836696628e-06,4.193179995575058e-05,1.3124497681764059e-06,5.4368533005294904e-06,0.9998236101139463,3.826684933023518e-05,7.890058267485875e-05
50,1.6986310300223575e-06,2.896582797367261e-06,3.736561612439477e-06,0.9997191664078388,7.6086661897626004e-06,1.7321178997523413e-05,6.687297587249053e-05,0.00018069899566151455
51,0.9996523893432064,4.975032981811443e-06,1.2374438038965083e-05,1.1168175973982667e-06,1.31906432363376e-06,0.00025807953532042425,4.795511124608829e-06,6.49502574063709e-05
52,6.335280886066435e-05,6.324655161925887e-05,7.936015055243098e-05,0.023151709589295928,0.0026423860962439118,0.0008669999393117531,5.8147126765306765e-05,0.9730747977373506
53,0.9917855370923128,0.00010137316502880369,0.000347975417320532,0.000253317728642061,3.290632499580126e-05,0.000523281927305287,0.001057339846140519,0.005898268498254481
54,0.0011201079905115603,1.3784214530901067e-05,1.325656652057509e-05,0.00016721580127751853,1.0739163752752526e-05,0.9979114092874755,1.4138309660719742e-05,0.0007493486662707153
55,0.9998518231831884,1.2687221933714125e-06,0.00012272778827838107,5.774075365201735e-06,1.1571391906473616e-06,5.149513278107583e-06,2.2215041907833344e-06,9.878074314965608e-06
56,4.282044973198144e-05,3.0299687028323086e-05,0.0004479435593651478,0.0016220138097005896,8.016376401839816e-05,4.928330654726793e-05,0.018497095615149478,0.9792303798084587
57,0.996336281664849,0.00011595857547789379,0.0001834078198163892,5.9395454671802496e-05,5.3193188614049066e-05,0.0014991708924887,0.00035301548884078527,0.0013995769152411186
58,0.9999567676587132,1.3832761470339988e-06,1.565002606353084e-05,1.5229129777687472e-06,5.977479577271304e-07,6.70577595877521e-06,3.11364815073378e-06,1.4258954031039176e-05
59,4.715268488140702e-05,3.3697667930819255e-05,0.0002109177498620006,0.0006301008496672152,0.0003193877733295004,0.6280242721388583,0.35448718183248845,0.01624728930298238
60,5.775233467808407e-05,2.2705146543726933e-06,1.8708044675687106e-06,5.513672891785182e-06,9.811768525823073e-07,0.9999184857105331,4.075987831297585e-06,9.049798091185542e-06
61,0.00036869032514514667,0.00035572679013339036,0.0001561252972327433,0.0017287013726865299,0.00011066886725568506,0.06791119126144106,0.6389915717296307,0.2903773243564746
62,0.0007611733923196589,0.9698351850006233,0.018610435541848637,8.143103575699224e-05,8.288547117968442e-05,0.002271428139076603,0.0005476614683983236,0.007809799950796904
63,0.9940889778427598,4.8609498421136816e-05,0.0007202307478799173,0.0007713467462208013,6.367040865306731e-05,0.0009467406879186527,0.0002310864481123671,0.003129337620034081
64,0.0002955598469283046,8.358453628178966e-06,0.00012897760077363842,2.5265944162360636e-06,1.2929858511168347e-05,0.9990447758932925,8.944173040669147e-05,0.0004174300220431015
65,0.9999222169518033,7.014591062609805e-06,9.0909199943783e-06,2.586321984532594e-06,1.858302109679004e-06,1.5321664633923308e-05,4.144296002833603e-06,3.77669524090746e-05
66,0.0004541919020110251,0.0003143193952705342,0.000265072213711483,0.4153777190856844,0.12121408501045948,0.0257500565318237,0.0003194932962174034,0.4363050625648219
67,2.547728534317059e-05,3.0417095758300857e-06,1.29104440567887e-05,1.1049286412869382e-06,1.1091590609380291e-06,0.9999449559899345,9.013467174122932e-07,1.0499136670150612e-05
68,0.9433160236616791,0.0002598195869941383,0.05402529548321159,9.322112849963187e-05,4.589931380990741e-05,5.7478571186588784e-05,0.0013925239162475235,0.0008097383383715078
69,0.0016374341639017254,0.48062581878025656,0.1315583669073228,0.0010505262284790473,0.0007169038625199046,0.2612745039336004,0.022698307011044968,0.10043813911287448
70,2.5899247676513583e-06,2.311699584871956e-06,1.405178715179144e-05,3.755519136353788e-06,8.033019932922722e-07,0.9999290579421924,8.665080795454582e-06,3.87647443779527e-05
71,2.3477804758029e-05,3.113601883594888e-05,6.120942246172493e-05,0.023277817629053194,0.0003739300868210417,5.654052508003415e-05,0.00012028636513987677,0.9760556021478501
72,0.999862691509686,5.404872381840071e-06,5.972880436432984e-05,6.591510352548168e-06,2.658836548618055e-06,1.651743831899262e-05,1.1877699457659371e-05,3.452932889024255e-05
73,0.9960936265111818,7.262204855381306e-06,0.0036915219764009576,4.999425607711962e-06,4.471070643425496e-06,4.9715378634595785e-05,7.951459154647001e-06,0.00014045197352132862
74,5.9675359936823314e-05,0.9950802005902593,1.5386954724174756e-05,0.00021384901896090333,8.001921846672988e-06,1.333640671658796e-05,2.324697716384749e-05,0.00458630277039198
75,0.9837306666474253,0.00029727317349101753,0.005584418808011868,0.001118141956544571,7.667410634829331e-05,0.0009585349389327124,0.0012123221428012908,0.00702196822644497
76,7.378963585702027e-05,2.3577942801510075e-06,1.3719212705142763e-06,1.3194413476893025e-05,1.5777951210609022e-06,0.9998882504249461,7.701324000773932e-06,1.1756691047423888e-05
77,0.0661807768668051,0.0014352757813309404,0.006767587956093237,0.0013362619792742034,0.00038409937217567434,0.3615855340064111,0.1814613393965531,0.38084912464135673
78,0.002714776019446452,0.989022844505325,0.0003464229512499401,0.0003529261222346234,0.00010214330665094705,0.0025982143204532223,0.00035411521834920217,0.004508557556290988
79,1.675792653886726e-05,2.3215343474391602e-05,0.0029412095131638493,0.006835172099416205,0.00018307436856804382,0.00011254713488838039,0.9384246744087743,0.05146334920517595
80,1.8288829901581096e-05,2.2743054636290245e-05,0.00019365240401585264,0.003293689634151034,0.00012122768714956237,4.7156903595913575e-05,0.9759895453126813,0.02031369617386844
81,0.0008381571304559515,0.7921777440240284,0.03816873783231394,0.0006493798345554003,0.0002562669527326201,0.12476216009826264,0.005028105241320737,0.038119448886330044
82,0.0009974044846569276,0.00040430684035332854,0.0019550888412671005,0.00788606445762117,0.0003614409304667063,0.0036993066005672,0.515048350521934,0.46964803732313365
83,2.2985995064423587e-05,0.9853963573552377,4.050502888826081e-05,0.0007462308512906963,2.191957067105521e-05,3.0019126313823853e-05,0.00018583398605177733,0.013556148086482492
84,0.9820657188831754,0.0006933734368764318,0.006290331451891126,0.00028449078633519155,0.00036596911686343056,0.0009477523203208454,0.00037066069031063833,0.008981703314226984
85,0.4133408598286566,0.0017192505983612846,0.4779556336632347,0.001642190729481196,0.0034249194959526377,0.019982812168620433,0.015121547327364811,0.06681278618832842
86,4.638720105465553e-05,0.00037661463200169566,0.0008181033639380082,0.003637151288181883,5.340346615492825e-05,0.00014096580212794092,0.9743754335371576,0.020551940709383324
87,0.0004057910655013664,3.296952888310568e-06,2.460802817206434e-05,8.073705238197063e-06,1.5966432870394293e-06,0.9994827913900844,5.5534212492350546e-05,1.830800233610087e-05
88,0.9999325313792701,2.6748222306492594e-06,1.5827579651673028e-05,3.7553039321684216e-06,5.792230284283509e-07,7.4294841176166684e-06,1.9465397089986145e-06,3.5255668060436825e-05
89,0.9999778684683334,1.4783099367523477e-06,8.675473740464131e-07,7.84153031045336e-07,8.254775470074364e-07,4.3921037510556064e-06,1.9933068895079974e-06,1.1790633137298707e-05
90,0.9997126669316635,1.0182614823859152e-05,0.000144038190421484,1.5864818951322066e-05,2.519965510819846e-06,2.7327838235799e-05,4.126124764246248e-06,8.327351562894482e-05
91,0.020699803954119564,0.00481781026763256,0.23854858248738245,0.0002985585309591318,0.0003372513001178028,0.012400141199499726,0.0016303714573123543,0.7212674808029764
92,1.87315652506375e-05,2.6711951326235324e-06,3.571023886640887e-06,1.4299265289290566e-06,1.4748196254303067e-06,0.9999415518310603,1.2768436816255158e-05,1.7801201699299103e-05
93,1.8826050030815427e-05,5.658236727851092e-07,1.3294056978468006e-06,1.3999465552565664e-06,6.914566899751532e-07,0.9999647723956343,5.699358456079542e-06,6.715563262901642e-06
94,0.9998062701031821,5.3237400043604864e-06,0.00010347481305652576,5.816921587739744e-06,2.840238720957983e-06,1.655450851426115e-05,2.6362898612048223e-06,5.708338507305597e-05
95,1.3910869334248377e-05,2.6567385318307975e-06,1.0134907550196276e-05,9.383863882162525e-07,1.9269842168884523e-06,0.9999608528336182,2.9849017176592743e-06,6.594378642626348e-06
96,0.9930822365306388,0.00010008536873499943,0.002646864329031203,0.0003955807978683413,3.5096489795542026e-05,0.0007013528549475986,0.000688207976480892,0.002350575652502799
97,6.00670025544209e-06,1.088576495847944e-06,2.5446681934628686e-05,7.130716759459526e-07,4.580684989146325e-07,0.9999339710596561,2.4007833759723242e-05,8.308007723329052e-06
98,3.485418141141985e-05,4.913945593530076e-06,1.4257160039130068e-05,9.435327632857134e-07,1.2598675334113743e-06,0.9998963553770754,2.72632829320467e-06,4.468960729046527e-05
99,0.965284748667012,6.99473677401595e-05,0.00027267729230190136,2.867746996339854e-05,1.3025448332796343e-05,0.03416779267676733,4.46186292434895e-05,0.00011851244863882075
100,0.0006345880618173792,1.2648573126334241e-05,0.00025106976172894287,8.149104006687915e-06,1.1169650207416326e-05,0.9987602286270879,6.300832830508581e-06,0.00031584538919462806
101,0.9984071817090996,4.159578767949712e-05,0.00023112253702004286,0.00013198352905667766,5.4831638309460415e-06,0.00011981816290395278,8.7628704768586e-05,0.0009751864056407033
102,0.9990728587060101,1.1049521538864174e-05,1.784138267269325e-05,3.922325608760725e-05,1.2935015934778398e-05,0.00045444523561095603,0.00010107626965871978,0.0002905706124860964
103,7.74687495266499e-06,2.8793168064801553e-07,0.9999410179236898,2.4188953581589015e-07,3.1955903001838947e-07,1.492832071338615e-06,1.6071230419319843e-06,4.7285865997427115e-05
104,0.9920087323379246,6.152528437490132e-05,0.00021594937046998748,0.0009252308731405758,4.0897261106979135e-05,0.004697520330024924,0.000550986266531495,0.001499158276426304
105,0.4247661906486682,0.07862693902926379,0.0038172646410553524,0.0007374081160474155,0.0002724160575212181,0.47440897760291245,0.00594459001006083,0.011426213894470467
106,0.41283959966721395,0.00041378217836059384,0.0006957619317135877,0.00027389777812059573,0.00014792738883010368,0.5839564873918437,0.0003737336635007798,0.00129881000041664
107,0.8927770501685,0.0009858199617860403,0.004970843182199593,0.002203689436485144,0.00028648936470303775,0.009682664336450413,0.020583106752998966,0.06851033679687703
108,0.9987659141133475,4.575601724063624e-05,3.153437707657854e-05,0.0004885511475815298,3.6737443749456774e-05,0.00016728286552814152,0.00020511018281725203,0.00025911385265919704
109,0.9999623583580279,3.825220452265233e-06,6.5931388117777735e-06,1.594990599090984e-06,2.7689147802549846e-06,1.2482705780833538e-05,2.333958451931501e-06,8.042713095966147e-06
110,0.9301473937673044,0.00012210333243424575,0.0036242321555623328,0.00011165961452884632,0.0003636628320800977,0.04253147165278371,0.0003419572079065142,0.02275751943739972
111,8.885987922152041e-06,3.75068252877051e-05,0.00014778220468384423,7.148177803435426e-05,2.006128147012629e-05,0.999116358403142,7.543808079400375e-05,0.0005224854386659581
112,0.021624136729714926,0.0006930553661131622,0.0021878204997861604,0.30127425268874436,0.0011526724064737169,0.00352337883605668,0.011454375208444386,0.6580903082646665
113,5.909868806524424e-06,8.911917415583097e-07,8.476362872002085e-07,5.175868111128896e-07,5.004529451768322e-07,0.9999882344039243,1.166424308206877e-06,1.9324351759513964e-06
114,6.135695257531386e-05,8.122389672489058e-05,0.00010838129702680092,0.0022457050363740606,0.0007990890591135254,0.0022082909893887674,0.000627655880210733,0.9938682968885858
115,0.9999339720452683,3.5325932188148656e-06,2.1935148244516468e-05,3.631308403155166e-06,1.1984245674845582e-06,7.551267082566121e-06,1.9510597414351774e-06,2.6228153473712587e-05
116,0.04139890207016533,0.02208827258203139,0.8792265272242319,0.0009507858026566159,0.000613614563593291,0.010494114177731688,0.012217080965597227,0.033010702613992665
117,2.475866474872632e-05,9.37352263982101e-07,9.172780752672403e-07,1.4179828483613812e-06,1.028428051165019e-06,0.9999661209891435,2.6251781084161643e-06,2.1941267605755237e-06
118,0.0001010022561022853,6.810149524539698e-05,0.0010932431429044277,0.01695516390101284,0.004846976927925096,0.00037509873854793963,0.0013924856931267781,0.9751679278451352
119,1.1220635582784419e-05,7.847396091943876e-06,0.0004597824030474237,0.00017355843973182675,1.853118501554649e-05,0.9988288793092075,0.0001566250910812837,0.00034355554024160465
120,0.997836524358657,1.72118178886256e-06,3.963295374885468e-05,4.489161007007102e-06,2.1586919212114423e-06,0.0021064951739170287,1.646493626809443e-06,7.331985332933571e-06
121,0.4168514626264003,0.07806109953703175,0.0030305090159254075,0.0013486691261436568,0.00047608783796320255,0.4687359269526794,0.0052187628470710245,0.026277482056785154
122,0.5220196101813253,0.0010709021708974645,0.3863645204891851,0.0020934507758940545,0.004794236449878,0.001498527029007751,0.034716843661983895,0.04744190924182837
123,0.5279657052708353,0.002566436259039156,0.07697202905698022,0.002789509387442596,0.000397142102776311,0.002848392134430286,0.2833296561135773,0.10313112967491866
124,0.9989181225690397,1.7415138792107485e-05,0.0003133109660867335,7.1664495946106996e-06,1.0185332414140295e-05,0.00013973803834808936,9.947128935597063e-05,0.0004945902163687889
125,0.00742309998296011,0.00024587817943459885,0.9749933690034505,0.00038705681357487624,0.00020722982314374234,0.0003433498253355135,0.009844706099812802,0.006555310272288118
126,1.3786538527219784e-06,5.600606418007237e-07,6.863993101855716e-06,5.083306433814852e-07,1.8667290444920536e-07,0.9999797000681997,9.254542164986791e-06,1.5476784910156985e-06
127,0.00013659140142941153,0.00015469058163870508,0.00028237238407363154,0.003429258135021635,4.890170036856115e-05,0.00033193119145431095,0.9831365345519969,0.012479720054016897
128,0.0007638753757724951,3.2604590879238473e-06,3.0962493225547613e-06,1.3200827346187871e-06,1.548235413712927e-06,0.9992103136270859,8.508111709738779e-06,8.077858872799106e-06
129,0.961086556655225,0.00027644344173743794,0.0009546624062906644,0.0011432042232881914,0.0001563113538018044,0.010891161936195562,0.00017516401693494472,0.02531649596652607
130,0.9992428090018641,2.9559348836437888e-05,0.0004500769963064061,8.60608267459411e-06,8.912534060438812e-06,1.4663964467298999e-05,2.2796467927198955e-05,0.00022257560386343528
131,7.958941087261206e-05,4.0900178986202214e-05,9.487167733595355e-05,0.0005079042044036586,1.6079311661983455e-05,6.774508319538316e-05,0.0006094071187752201,0.9985835030147691
132,3.782190294454494e-05,7.213352177940757e-05,0.00016343289272757706,5.644713499045586e-06,2.3084314442023044e-06,0.9996835940693356,6.380538628432602e-06,2.8683929641418428e-05
133,2.2256525674176146e-05,1.0540810702587587e-05,1.1071125990364034e-05,5.1403460299623875e-06,8.69217142831077e-06,0.9998136607978879,9.859769264973187e-06,0.00011877845302170749
134,0.9991970562523609,1.730149239459891e-05,2.735634962660041e-05,3.127562883417404e-05,5.726177837830935e-06,0.0004162658921660827,0.00010670187829431875,0.00019831632848552578
135,0.9978136868737745,1.528767130890454e-05,0.0006773475406875172,9.669968031306699e-05,1.295468818753297e-05,0.00010958222853853901,0.00026824579418732383,0.0010061955230027688
136,0.9977073063964103,5.628379923919711e-05,0.0005101631993467441,4.4025407702490176e-05,1.4121556638008687e-05,0.0010090217025656297,0.00012279236418136845,0.0005362855739164759
137,0.9998977869295294,4.005661445955179e-06,9.78416625936564e-06,3.223255232702615e-06,2.5194907059315806e-06,4.939718319784449e-05,2.245058412722786e-06,3.1038255216007294e-05
138,3.868067483783208e-06,6.363897181323011e-06,2.8611586820839227e-05,7.732565284534603e-06,3.6938446130808227e-06,0.9995103337190705,0.0001393319200355314,0.00030006439951045283
139,0.9999599418517074,2.1619885071821414e-06,9.132420902165755e-06,1.0843748942134338e-06,1.2932223606249265e-06,1.5934204446462594e-05,1.963971600045764e-06,8.487965581984266e-06
140,0.0001488032520318012,7.229858077256336e-05,4.319030355034725e-05,0.00032135758006614706,1.9271546778244716e-05,5.564924513275421e-05,0.00979133679528391,0.9895480926963842
141,0.046711667962204176,0.0042634794729321,0.00669112540670373,0.015715367372753836,0.0013720696858543551,0.0044926732780301406,0.08232580740029562,0.838427809421226
142,0.999531883372143,3.0447443611891367e-06,5.153529591483127e-05,1.0193974589687705e-05,3.9288006888719835e-06,8.58410115884633e-05,1.3665475225563529e-05,0.0002999073254883591
143,0.044460115735943155,0.0012255873822319516,0.21556521417995525,0.0018936617041049053,0.0011564899210986471,0.029883158242381015,0.0019214622660862777,0.703894310568199
144,0.9812001680184124,0.00025669631031160784,0.0010788721680337907,0.013203913071927151,9.036083435574237e-05,0.0004214830025995973,0.0010009071005522402,0.0027475994938077146
145,0.8490785756859991,0.0008718526710547351,0.0051452519995547445,0.003328011879264705,0.0020739090209958033,0.0013758922238032549,0.1128440820674753,0.025282424451852407
146,0.9999959864953353,1.233369637604133e-06,3.245673902990499e-07,1.1029126167776981e-07,2.458130820361744e-07,4.839384441805356e-07,1.940583599509582e-07,1.4214664889645783e-06
147,0.8981486473380194,0.005066289522456585,0.007412265821852267,0.01252648045217648,0.0007765904328540749,0.008413859001142847,0.012520410025286637,0.05513545740621164
148,0.005127092421986686,0.000259757527133261,0.0008124292971771883,7.98895801428613e-05,1.4511264524830467e-05,5.796929021409978e-05,0.0004741307473581467,0.993174219871463
149,1.0587002103793297e-05,1.4682319354724854e-05,6.6084506227618495e-06,1.6934240556201773e-06,1.3947421176264437e-06,0.9998466343652483,1.2093969635286877e-05,0.00010630572686189329
150,0.00015748612248096792,0.00017764426447881276,0.00035939566640489956,0.9246221283090517,0.0029125457312222805,0.008992183364981862,0.00017942409729696635,0.0625991924440826
151,0.999426854158119,1.2150515513042667e-05,3.9536689663464475e-05,1.8883220854994483e-06,5.890401384078222e-06,0.00032479129322931323,9.567465288749047e-05,9.321396711822334e-05
152,0.9996668278365359,5.203791680391114e-06,0.00014585462538975412,1.3366890336388901e-05,3.276812182934781e-06,2.446597841389135e-05,6.790433721059303e-06,0.00013421363173984224
153,3.9367172739744916e-05,9.330590588954183e-06,2.3571427300476373e-05,1.610588639259854e-05,5.683378559653908e-06,0.994641950088899,0.0004398553913419,0.004824136064177812
154,3.6814493038716086e-06,0.9955641585073416,7.807401755387391e-06,0.0002495770139264949,4.397798111116136e-06,8.983606456705797e-06,2.4148762157977016e-05,0.004137245460946764
155,0.9977300533088417,0.00013490932408713918,0.00023076781899999585,1.3502068186662824e-05,3.384469567088624e-05,0.0012394384477815775,0.000289030724314563,0.0003284536121172774
156,0.9999744538768316,5.948549528222928e-07,6.843212386759761e-07,1.2933908563924955e-07,1.8923229236975758e-07,5.53724368316671e-06,2.7278205728529567e-06,1.5683311342846333e-05
157,7.795877654780822e-06,5.826770559295097e-06,1.8111213612275702e-05,0.00016176139078184667,4.364694715936703e-05,0.9994914026177102,7.391377666215406e-06,0.0002640638048560599
158,0.00014434467310498825,6.606718678096798e-06,2.449646420683181e-06,1.4331196044870398e-05,1.2974777589285657e-06,0.9998249661475234,1.6193847094572638e-06,4.38475575954354e-06
159,2.7587974365372147e-06,3.2793068513418923e-07,0.999772638716401,1.432614944190562e-07,3.066914284452321e-07,0.00021647466743145914,2.823221584249278e-07,7.067612964632352e-06
160,0.8540707539302784,0.0035572773808510193,0.008827750584315123,0.0009316879451531481,0.0033875500229315976,0.007334362183471332,0.003231267299622305,0.1186593506533772
161,0.9999143867725347,8.067099555144241e-07,3.9609964018628386e-05,8.98443565897274e-07,7.993914255195239e-07,7.475923200913467e-06,3.0130161146359083e-06,3.3009779184217306e-05
162,7.606199454808803e-05,0.00011547165961662602,0.00013732850994415665,0.9246843996517791,0.011875878001093989,0.0011770752905946257,5.320146310528806e-05,0.061880583429318084
163,0.00020579528032242946,8.069244397823184e-06,3.2292040369675786e-06,7.225924689303633e-05,2.683131747865944e-06,4.064380448080001e-06,4.088161397578146e-05,0.9996630178981779
164,6.832571095387531e-06,1.721655451975315e-06,1.6529613362762904e-05,1.270155692954927e-06,9.656896314056236e-07,0.999930865203387,9.77678064217041e-06,3.203833073622869e-05
165,0.9769473086350926,0.012456800713143553,0.0006489752110993742,0.00013320778114731487,6.95818788298265e-05,0.006407035376573007,0.0005124605769678092,0.002824629827146537
166,0.9999595203874184,4.543472254247992e-06,7.321984116099081e-06,4.482602183050972e-06,1.0754027326289339e-06,1.5991585361803994e-06,5.910261189720955e-06,1.5546731569835076e-05
167,0.19546968258963301,0.0012716278090785494,0.7656387913599445,0.005294761180475186,0.0005748153053107289,0.0028263816726715628,0.0010134549434342621,0.027910485139452153
168,0.9999565455612416,6.961517163783603e-07,5.3393981974468186e-06,3.5962417580096147e-06,9.44747859646924e-07,2.7754263643557414e-05,8.544309276655187e-07,4.269204656142282e-06
169,0.00027048437959248557,3.5759986790166447e-05,3.624403341966782e-05,4.788181666298913e-06,1.127239347706043e-05,0.9994738292257798,2.2992897939425414e-05,0.00014462890133517436
170,0.9613564693011061,0.020704964917023845,0.0051944474339624255,0.0016593459274068796,0.00014296866671047935,0.00037785851721626056,0.007504226047778191,0.0030597191887957254
171,0.7656513678186465,0.000571892631070988,0.00867655705752903,0.00041372080990308147,0.0004095664747680425,0.0024815982031776295,0.19501225026145813,0.026783046743446517
172,0.0021789946841888536,0.5222231055580752,0.31615522285237874,0.010776052173790854,0.0005892103739299241,0.025593466446730453,0.08377651160637839,0.03870743630452756
173,0.9999129795218019,6.517819223184234e-06,2.673172009910327e-06,8.518533900448847e-06,3.161646289992742e-06,2.1830523111530976e-05,2.2823275660609737e-05,2.149550800205404e-05
174,0.996915797920676,0.00010694377933075586,0.0006526883632057487,0.00012534997086401692,1.3591215045449707e-05,0.000655132771517559,0.00011344268611560247,0.0014170532932450527
175,0.9980769335460371,0.00013769997176890723,0.00034270451050525655,2.0621376207304287e-05,1.113187605751794e-05,0.00035150920032325274,0.00014129043050331,0.00091810908859748
176,0.9945224746490681,0.0011856364903737769,0.00028465888377485514,8.236175073444596e-05,4.5007376666484534e-05,0.00030346024402244236,0.00034556116615269206,0.0032308394392073993
177,0.0006256353147794872,0.0004386346109860785,0.000493557825662446,0.8463132595686689,0.025086086993521776,0.024033791263375532,0.002005560153831276,0.10100347426917426
178,6.282589467263294e-05,2.510806529446727e-06,7.645932243775484e-06,1.8165117318956575e-06,2.572156659520809e-06,0.9998664150694634,4.075068423296918e-06,5.213856027585112e-05
179,4.554617904902297e-05,7.593432283285962e-05,0.00015302769383613275,0.5580914499583661,0.0007654602379777123,0.4387120432593491,8.289678521809137e-05,0.002073641563371047
180,0.9993773660118263,1.2002916795245346e-05,0.0004599077537533133,8.139318986507823e-06,2.531662725966824e-06,3.968758722423313e-05,4.028492054657374e-05,6.007982814209218e-05
181,0.0008430954638714178,0.9636963859849188,0.0199844293070926,0.0010072962553028236,6.496377792311623e-05,0.0025216247685092576,0.003729918853645485,0.008152285588736782
182,0.0070258391579780775,0.6038941021168087,0.04018466026176582,0.000563158297818963,0.0005204190330651835,0.320773675109024,0.005971224286988795,0.02106692173655032
183,0.9857321087595954,0.00020691531709096075,0.002579835378428105,0.0001717731477345171,0.00017524224804853518,0.0012383642921570692,0.007869152283819169,0.0020266085731261195
184,1.63513276085217e-05,0.999109245169592,3.404151118850444e-06,8.740293334317621e-05,2.1944733237058014e-06,2.7818308798704726e-06,2.9899179072171337e-06,0.00077563019622651
185,0.9324602532586979,0.000305401497114607,0.020299501827571818,0.0010272478457586328,0.0003733154270380777,0.001391877274707456,0.00036296051814108804,0.043779442350970386
186,0.9955852166260268,6.780077748743974e-05,0.0010865778251501362,0.00020474016410532248,9.797421421480262e-05,0.0016282772166118424,0.0005367707490415352,0.0007926424273620893
187,0.0001129352775585968,4.9705056255782665e-05,0.00037237919737556337,0.0006992774097772965,5.108387856374301e-05,0.00014153313021437008,0.001787022981803082,0.9967860630684515
188,0.0001647693877748136,0.00011643341456278434,0.0012564280706221461,0.0004160695025372543,0.00010341104461139649,0.00020044045246204225,0.202513144540969,0.7952293035864605
189,0.0026176736944452336,4.339755158779296e-06,1.6122921098454727e-05,2.4857444254873157e-06,1.1379253586510882e-06,0.9973308356148157,1.222737395388762e-05,1.5176970743654341e-05
190,0.000442036527488123,0.00025754254440725385,0.0004274175371042931,0.5352813602129675,0.03739173515243057,0.009361452584656541,0.0004891601934147412,0.416349295247531
191,0.9998870233899378,1.6435082158619898e-05,1.0961598266817533e-05,2.9860628357064874e-06,6.789799078796024e-07,6.458593561015911e-05,2.78529360166984e-06,1.4543657681418672e-05
192,5.303363265564696e-06,0.997218802742728,3.0814066617853962e-06,1.6176222684103967e-05,2.1085586436673506e-06,3.3405531843016554e-06,2.924762949707125e-06,0.0027482623898829055
193,0.5284841426651018,0.0054248172544784775,0.017957978412858892,0.002571531972483436,0.0011814918199284272,0.02362547541407606,0.3571006102242556,0.06365395223681734
194,0.9945430007599616,0.00034551114746814973,0.0002417318494626606,6.231681541168922e-05,6.276076508316223e-05,0.0007546019485066964,0.002635864310547228,0.001354212403558708
195,0.8365430033152428,0.001724271402569273,0.07488255555114631,0.003902671219230913,0.001442507913190929,0.05798119089369019,0.0036863514117308955,0.01983744829319855
196,0.9999134601056894,8.906786284473111e-06,2.0287152111200467e-05,2.418984061916764e-06,2.9645299120665326e-06,2.1275490593212178e-05,2.0425365844673297e-05,1.0261585503263024e-05
197,5.706501110329423e-05,9.109235861195164e-06,1.629919141303974e-05,1.1255715618432442e-05,8.012012017550254e-05,0.9996789570970958,2.6635217377280074e-05,0.00012055841135564434
198,0.0003933639408455977,7.815110865111573e-06,0.0003106840103925894,7.88432100448127e-06,3.1634800779357363e-06,0.9987358530766215,0.00012632036246809641,0.0004149156977246303
199,0.14068937456748704,0.0012003257960386015,0.001460640597899366,0.00515063076348695,0.00047269729767360804,0.0013217771559415317,0.0006763171709395343,0.8490282366505333
200,0.9999070995172873,4.430147935460613e-06,2.005058503634137e-05,1.8133720418421246e-06,1.2151479948954693e-06,8.247207671360098e-06,2.515687257900039e-06,5.462833477491902e-05
201,0.00020230123069016172,6.148473672889143e-05,0.000602840605477085,0.001198789354729062,5.366854398057079e-05,9.681346457461785e-05,0.0023560586347380627,0.9954280434290816
202,0.00033097179661821166,0.00026920509995789586,0.0002829746999517019,0.7510779999836631,0.002386450023227977,0.2117565598569796,0.000890619357724223,0.03300521918187735
203,0.8587636263963947,0.006086666661385804,0.03995126993183206,0.009152435859261298,0.0003517271893238329,0.0052811084775545225,0.005447668209067013,0.07496549727518086
204,3.450859291275734e-06,4.1150454496611045e-07,3.3480571700386316e-05,2.459259557176654e-07,2.433963407067592e-07,0.9999558239065459,3.6230872730597457e-07,5.981526893789347e-06
205,0.9999728410301324,1.2040002481798762e-06,2.0720311205359064e-06,1.988405068538265e-06,1.0758654608892705e-06,1.0775235845106493e-05,6.388609395831295e-07,9.404571184688782e-06
206,0.9987905630703626,1.511992990541866e-05,0.0008656649395638821,2.455106123227423e-05,3.334696570756692e-06,2.8052484969510814e-05,1.4897150163902171e-05,0.00025781666723142393
207,0.0051405555998081725,0.3687869251520619,0.02194331921707686,0.0011926153756739474,0.00022375511784445323,0.5505376729754655,0.019302238907601608,0.03287291765446756
208,5.1160621096773525e-06,4.2883654168829185e-07,1.6344268020601503e-06,3.499424370589885e-07,4.938817223360108e-07,0.9999657884792841,8.55839268744501e-06,1.762997841559595e-05
209,0.001397772202701963,6.92185285296264e-06,2.0431339939969984e-05,9.476946000195475e-06,2.192812789909932e-05,0.9979567610230653,0.0001445939968020693,0.000442114510738406
210,3.866586540654988e-05,9.800686571602811e-07,1.6239623854659667e-06,8.572765763757346e-07,1.0055645348340044e-06,0.9999471370122357,2.0062797101677918e-06,7.7239704936887e-06
211,2.8897564388652065e-06,1.9282704025003058e-06,1.5688510482943626e-05,1.5598504199849463e-06,5.512628514883055e-06,0.9998988942252959,1.4588271688893229e-05,5.89384867562334e-05
212,0.00020738558226541802,0.00015516792163462222,0.00015196329893190597,0.0005171628092604189,2.1914537200122446e-05,0.02040216235640272,0.0006168196764412268,0.9779274238178637
213,0.9999637966671223,1.5624483709898924e-06,3.400852738087346e-06,7.923167139063906e-07,1.2491223439608882e-06,8.20447170731672e-06,5.3336432456655105e-06,1.566047775760601e-05
214,5.8217165146952715e-05,7.687137377112121e-05,0.0010336872722566798,0.8923762011043378,0.00022786761090445967,0.00019166816641308284,0.017506682730475242,0.08852880457669479
215,0.9998830955930241,6.157959183114482e-06,9.640677276459332e-06,1.8008057316403882e-06,2.4321657885375286e-06,3.5018568241508165e-05,1.3841666978029264e-05,4.801256377651374e-05
216,0.9990100995138775,2.641464725791922e-05,0.0006253190698367329,3.566200665238643e-05,7.261306760650568e-06,0.00011410896349791649,4.0299694951960095e-05,0.00014083479716519358
217,0.9403109017779085,0.0005400025086276546,0.004250882932129842,0.0021382793179398085,0.00016555501486540313,0.004910651382204064,0.017132485789360358,0.030551241276964274
218,0.9689021372771619,0.005822994137376223,0.0027696801058550175,0.0035633822131209284,0.0014374130268102658,0.003730491000847707,0.00840250260040315,0.00537139963842486
219,0.972316937103959,0.00015133994337605973,0.00017274198864967457,7.803716356999034e-05,0.0001283389452176384,0.026137956933491593,0.00020226844211965487,0.0008123794796166063
220,0.9871833224651899,0.0008693200585920977,0.00016746657556597694,0.001897036720391165,0.0006145504930083299,0.0003662109461532471,0.0005118616476267915,0.008390231093472294
221,0.0010123353928566418,0.0001549806080005713,0.002518406335129514,0.06976777243917122,0.0005158807957179535,0.0004516345496092753,0.0004747986834117718,0.9251041911961031
222,0.9966405083570938,2.0721749244571303e-05,0.0018682355923334872,3.382200024852526e-05,1.2246442565012641e-05,0.00016477808986391966,0.0005457178738248026,0.0007139698948257619
223,9.729602415688886e-07,3.3194436279322564e-07,0.9998842977396968,1.4747984571305143e-07,2.1049328507014106e-07,0.00010718323709056092,5.770868202351279e-07,6.279058657365052e-06
224,0.00022526200161044087,3.2476623899512215e-06,8.945241822043232e-06,1.305282817300543e-06,2.75605122937777e-06,0.9997289726494415,3.187341172075182e-06,2.6323769517405636e-05
225,0.0676305956798034,0.0008871159206798533,0.7169153412725465,0.0005991668295880928,0.0003530454659839625,0.0021600996750048983,0.019365441188425273,0.19208919396796806
226,0.9976638442554313,4.636238830225799e-05,0.0005498678504752529,7.928560536876138e-05,3.317959361345494e-05,0.0001112937175012785,0.0004311293992028419,0.001085037190104671
